[Valid]
gold_known/matched: 23
gold_known/n: 23
gold_known/recall: 1.0
gold_novel/matched: 162
gold_novel/n: 2741
gold_novel/recall: 0.05910251732944181
n_gold_segments: 2764
n_pred_segments: 318
n_proteins: 1630
no_hit_proteins/n: 1233
no_hit_proteins/segment/all/f1: 0.0
no_hit_proteins/segment/all/fn: 2039
no_hit_proteins/segment/all/fp: 0
no_hit_proteins/segment/all/precision: 0.0
no_hit_proteins/segment/all/recall: 0.0
no_hit_proteins/segment/all/tp: 0
segment/all/f1: 0.11421155094094743
segment/all/fn: 2588
segment/all/fp: 142
segment/all/precision: 0.5534591194968553
segment/all/recall: 0.06367583212735166
segment/all/tp: 176
segment/pep/f1: 0.23026315789473684
segment/pep/fn: 1028
segment/pep/fp: 142
segment/pep/precision: 0.5520504731861199
segment/pep/recall: 0.14546965918536992
segment/pep/tp: 175
segment/propep/f1: 0.0012804097311139564
segment/propep/fn: 1560
segment/propep/fp: 0
segment/propep/precision: 1.0
segment/propep/recall: 0.0006406149903907751
segment/propep/tp: 1
stopping_metric: 0.1157717838129254
tolerance: 3

[Test]
gold_known/matched: 10
gold_known/n: 11
gold_known/recall: 0.9090909090909091
gold_novel/matched: 57
gold_novel/n: 2615
gold_novel/recall: 0.021797323135755258
n_gold_segments: 2626
n_pred_segments: 169
n_proteins: 1538
no_hit_proteins/n: 1281
no_hit_proteins/segment/all/f1: 0.0
no_hit_proteins/segment/all/fn: 2140
no_hit_proteins/segment/all/fp: 0
no_hit_proteins/segment/all/precision: 0.0
no_hit_proteins/segment/all/recall: 0.0
no_hit_proteins/segment/all/tp: 0
segment/all/f1: 0.047942754919499106
segment/all/fn: 2559
segment/all/fp: 102
segment/all/precision: 0.39644970414201186
segment/all/recall: 0.025514089870525513
segment/all/tp: 67
segment/pep/f1: 0.09752547307132459
segment/pep/fn: 1138
segment/pep/fp: 102
segment/pep/precision: 0.39644970414201186
segment/pep/recall: 0.05560165975103734
segment/pep/tp: 67
segment/propep/f1: 0.0
segment/propep/fn: 1421
segment/propep/fp: 0
segment/propep/precision: 0.0
segment/propep/recall: 0.0
segment/propep/tp: 0
stopping_metric: 0.04876273653566229
tolerance: 3

