[Valid]
gold_known/matched: 280
gold_known/n: 293
gold_known/recall: 0.9556313993174061
gold_novel/matched: 312
gold_novel/n: 2471
gold_novel/recall: 0.12626467017401863
n_gold_segments: 2764
n_pred_segments: 440
n_proteins: 1630
no_hit_proteins/n: 1244
no_hit_proteins/segment/all/f1: 0.0
no_hit_proteins/segment/all/fn: 1972
no_hit_proteins/segment/all/fp: 0
no_hit_proteins/segment/all/precision: 0.0
no_hit_proteins/segment/all/recall: 0.0
no_hit_proteins/segment/all/tp: 0
segment/all/f1: 0.23970037453183524
segment/all/fn: 2380
segment/all/fp: 56
segment/all/precision: 0.8727272727272727
segment/all/recall: 0.1389290882778582
segment/all/tp: 384
segment/pep/f1: 0.44147582697201015
segment/pep/fn: 856
segment/pep/fp: 22
segment/pep/precision: 0.940379403794038
segment/pep/recall: 0.2884455527847049
segment/pep/tp: 347
segment/propep/f1: 0.04534313725490196
segment/propep/fn: 1524
segment/propep/fp: 34
segment/propep/precision: 0.5211267605633803
segment/propep/recall: 0.02370275464445868
segment/propep/tp: 37
stopping_metric: 0.24340948211345606
tolerance: 3

[Test]
gold_known/matched: 160
gold_known/n: 163
gold_known/recall: 0.9815950920245399
gold_novel/matched: 151
gold_novel/n: 2463
gold_novel/recall: 0.06130734876167276
n_gold_segments: 2626
n_pred_segments: 283
n_proteins: 1538
no_hit_proteins/n: 1284
no_hit_proteins/segment/all/f1: 0.0
no_hit_proteins/segment/all/fn: 2101
no_hit_proteins/segment/all/fp: 0
no_hit_proteins/segment/all/precision: 0.0
no_hit_proteins/segment/all/recall: 0.0
no_hit_proteins/segment/all/tp: 0
segment/all/f1: 0.1533172911653489
segment/all/fn: 2403
segment/all/fp: 60
segment/all/precision: 0.7879858657243817
segment/all/recall: 0.08492003046458492
segment/all/tp: 223
segment/pep/f1: 0.286309937456567
segment/pep/fn: 999
segment/pep/fp: 28
segment/pep/precision: 0.8803418803418803
segment/pep/recall: 0.17095435684647303
segment/pep/tp: 206
segment/propep/f1: 0.02312925170068027
segment/propep/fn: 1404
segment/propep/fp: 32
segment/propep/precision: 0.3469387755102041
segment/propep/recall: 0.011963406052076003
segment/propep/tp: 17
stopping_metric: 0.15471959457862364
tolerance: 3

