[Valid]
gold_known/matched: 23
gold_known/n: 23
gold_known/recall: 1.0
gold_novel/matched: 339
gold_novel/n: 2741
gold_novel/recall: 0.12367748996716527
n_gold_segments: 2764
n_pred_segments: 514
n_proteins: 1630
no_hit_proteins/n: 1233
no_hit_proteins/segment/all/f1: 0.0
no_hit_proteins/segment/all/fn: 2039
no_hit_proteins/segment/all/fp: 0
no_hit_proteins/segment/all/precision: 0.0
no_hit_proteins/segment/all/recall: 0.0
no_hit_proteins/segment/all/tp: 0
segment/all/f1: 0.2080536912751678
segment/all/fn: 2423
segment/all/fp: 173
segment/all/precision: 0.6634241245136187
segment/all/recall: 0.12337192474674386
segment/all/tp: 341
segment/pep/f1: 0.3693803159173754
segment/pep/fn: 899
segment/pep/fp: 139
segment/pep/precision: 0.6862302483069977
segment/pep/recall: 0.25270157938487114
segment/pep/tp: 304
segment/propep/f1: 0.04534313725490196
segment/propep/fn: 1524
segment/propep/fp: 34
segment/propep/precision: 0.5211267605633803
segment/propep/recall: 0.02370275464445868
segment/propep/tp: 37
stopping_metric: 0.2073617265861387
tolerance: 3

[Test]
gold_known/matched: 11
gold_known/n: 11
gold_known/recall: 1.0
gold_novel/matched: 206
gold_novel/n: 2615
gold_novel/recall: 0.07877629063097515
n_gold_segments: 2626
n_pred_segments: 334
n_proteins: 1538
no_hit_proteins/n: 1281
no_hit_proteins/segment/all/f1: 0.0
no_hit_proteins/segment/all/fn: 2140
no_hit_proteins/segment/all/fp: 0
no_hit_proteins/segment/all/precision: 0.0
no_hit_proteins/segment/all/recall: 0.0
no_hit_proteins/segment/all/tp: 0
segment/all/f1: 0.14256756756756758
segment/all/fn: 2415
segment/all/fp: 123
segment/all/precision: 0.6317365269461078
segment/all/recall: 0.08035034272658036
segment/all/tp: 211
segment/pep/f1: 0.2604026845637584
segment/pep/fn: 1011
segment/pep/fp: 91
segment/pep/precision: 0.6807017543859649
segment/pep/recall: 0.16099585062240665
segment/pep/tp: 194
segment/propep/f1: 0.02312925170068027
segment/propep/fn: 1404
segment/propep/fp: 32
segment/propep/precision: 0.3469387755102041
segment/propep/recall: 0.011963406052076003
segment/propep/tp: 17
stopping_metric: 0.14176596813221934
tolerance: 3

