[Valid]
gold_known/matched: 23
gold_known/n: 23
gold_known/recall: 1.0
gold_novel/matched: 166
gold_novel/n: 2741
gold_novel/recall: 0.06056183874498358
n_gold_segments: 2764
n_pred_segments: 223
n_proteins: 1630
no_hit_proteins/n: 1414
no_hit_proteins/segment/all/f1: 0.0
no_hit_proteins/segment/all/fn: 2377
no_hit_proteins/segment/all/fp: 0
no_hit_proteins/segment/all/precision: 0.0
no_hit_proteins/segment/all/recall: 0.0
no_hit_proteins/segment/all/tp: 0
segment/all/f1: 0.11248744559758955
segment/all/fn: 2596
segment/all/fp: 55
segment/all/precision: 0.7533632286995515
segment/all/recall: 0.060781476121562955
segment/all/tp: 168
segment/pep/f1: 0.19335793357933578
segment/pep/fn: 1072
segment/pep/fp: 21
segment/pep/precision: 0.8618421052631579
segment/pep/recall: 0.10889443059019119
segment/pep/tp: 131
segment/propep/f1: 0.04534313725490196
segment/propep/fn: 1524
segment/propep/fp: 34
segment/propep/precision: 0.5211267605633803
segment/propep/recall: 0.02370275464445868
segment/propep/tp: 37
stopping_metric: 0.11935053541711887
tolerance: 3

[Test]
gold_known/matched: 11
gold_known/n: 11
gold_known/recall: 1.0
gold_novel/matched: 87
gold_novel/n: 2615
gold_novel/recall: 0.03326959847036329
n_gold_segments: 2626
n_pred_segments: 147
n_proteins: 1538
no_hit_proteins/n: 1406
no_hit_proteins/segment/all/f1: 0.0
no_hit_proteins/segment/all/fn: 2388
no_hit_proteins/segment/all/fp: 0
no_hit_proteins/segment/all/precision: 0.0
no_hit_proteins/segment/all/recall: 0.0
no_hit_proteins/segment/all/tp: 0
segment/all/f1: 0.06419040750090156
segment/all/fn: 2537
segment/all/fp: 58
segment/all/precision: 0.6054421768707483
segment/all/recall: 0.033891850723533894
segment/all/tp: 89
segment/pep/f1: 0.11051419800460477
segment/pep/fn: 1133
segment/pep/fp: 26
segment/pep/precision: 0.7346938775510204
segment/pep/recall: 0.05975103734439834
segment/pep/tp: 72
segment/propep/f1: 0.02312925170068027
segment/propep/fn: 1404
segment/propep/fp: 32
segment/propep/precision: 0.3469387755102041
segment/propep/recall: 0.011963406052076003
segment/propep/tp: 17
stopping_metric: 0.06682172485264253
tolerance: 3

