[Valid]
gold_known/matched: 23
gold_known/n: 23
gold_known/recall: 1.0
gold_novel/matched: 337
gold_novel/n: 2741
gold_novel/recall: 0.12294782925939438
n_gold_segments: 2764
n_pred_segments: 510
n_proteins: 1630
no_hit_proteins/n: 1234
no_hit_proteins/segment/all/f1: 0.0
no_hit_proteins/segment/all/fn: 2040
no_hit_proteins/segment/all/fp: 0
no_hit_proteins/segment/all/precision: 0.0
no_hit_proteins/segment/all/recall: 0.0
no_hit_proteins/segment/all/tp: 0
segment/all/f1: 0.2070861331704337
segment/all/fn: 2425
segment/all/fp: 171
segment/all/precision: 0.6647058823529411
segment/all/recall: 0.12264833574529667
segment/all/tp: 339
segment/pep/f1: 0.36784409257003653
segment/pep/fn: 901
segment/pep/fp: 137
segment/pep/precision: 0.6879271070615034
segment/pep/recall: 0.2510390689941812
segment/pep/tp: 302
segment/propep/f1: 0.04534313725490196
segment/propep/fn: 1524
segment/propep/fp: 34
segment/propep/precision: 0.5211267605633803
segment/propep/recall: 0.02370275464445868
segment/propep/tp: 37
stopping_metric: 0.20659361491246925
tolerance: 3

[Test]
gold_known/matched: 11
gold_known/n: 11
gold_known/recall: 1.0
gold_novel/matched: 206
gold_novel/n: 2615
gold_novel/recall: 0.07877629063097515
n_gold_segments: 2626
n_pred_segments: 334
n_proteins: 1538
no_hit_proteins/n: 1281
no_hit_proteins/segment/all/f1: 0.0
no_hit_proteins/segment/all/fn: 2140
no_hit_proteins/segment/all/fp: 0
no_hit_proteins/segment/all/precision: 0.0
no_hit_proteins/segment/all/recall: 0.0
no_hit_proteins/segment/all/tp: 0
segment/all/f1: 0.14256756756756758
segment/all/fn: 2415
segment/all/fp: 123
segment/all/precision: 0.6317365269461078
segment/all/recall: 0.08035034272658036
segment/all/tp: 211
segment/pep/f1: 0.2604026845637584
segment/pep/fn: 1011
segment/pep/fp: 91
segment/pep/precision: 0.6807017543859649
segment/pep/recall: 0.16099585062240665
segment/pep/tp: 194
segment/propep/f1: 0.02312925170068027
segment/propep/fn: 1404
segment/propep/fp: 32
segment/propep/precision: 0.3469387755102041
segment/propep/recall: 0.011963406052076003
segment/propep/tp: 17
stopping_metric: 0.14176596813221934
tolerance: 3

