[Valid]
gold_known/matched: 425
gold_known/n: 443
gold_known/recall: 0.9593679458239278
gold_novel/matched: 301
gold_novel/n: 2321
gold_novel/recall: 0.12968548039638086
n_gold_segments: 2764
n_pred_segments: 734
n_proteins: 1630
no_hit_proteins/n: 1108
no_hit_proteins/segment/all/f1: 0.0
no_hit_proteins/segment/all/fn: 1717
no_hit_proteins/segment/all/fp: 0
no_hit_proteins/segment/all/precision: 0.0
no_hit_proteins/segment/all/recall: 0.0
no_hit_proteins/segment/all/tp: 0
segment/all/f1: 0.31503716409376786
segment/all/fn: 2213
segment/all/fp: 183
segment/all/precision: 0.7506811989100818
segment/all/recall: 0.19934876989869754
segment/all/tp: 551
segment/pep/f1: 0.5509110396570204
segment/pep/fn: 689
segment/pep/fp: 149
segment/pep/precision: 0.77526395173454
segment/pep/recall: 0.42726517040731504
segment/pep/tp: 514
segment/propep/f1: 0.04534313725490196
segment/propep/fn: 1524
segment/propep/fp: 34
segment/propep/precision: 0.5211267605633803
segment/propep/recall: 0.02370275464445868
segment/propep/tp: 37
stopping_metric: 0.29812708845596114
tolerance: 3

[Test]
gold_known/matched: 186
gold_known/n: 199
gold_known/recall: 0.9346733668341709
gold_novel/matched: 223
gold_novel/n: 2427
gold_novel/recall: 0.09188298310671611
n_gold_segments: 2626
n_pred_segments: 438
n_proteins: 1538
no_hit_proteins/n: 1190
no_hit_proteins/segment/all/f1: 0.0
no_hit_proteins/segment/all/fn: 1942
no_hit_proteins/segment/all/fp: 0
no_hit_proteins/segment/all/precision: 0.0
no_hit_proteins/segment/all/recall: 0.0
no_hit_proteins/segment/all/tp: 0
segment/all/f1: 0.206266318537859
segment/all/fn: 2310
segment/all/fp: 122
segment/all/precision: 0.7214611872146118
segment/all/recall: 0.12033511043412033
segment/all/tp: 316
segment/pep/f1: 0.37515683814303635
segment/pep/fn: 906
segment/pep/fp: 90
segment/pep/precision: 0.7686375321336761
segment/pep/recall: 0.24813278008298756
segment/pep/tp: 299
segment/propep/f1: 0.02312925170068027
segment/propep/fn: 1404
segment/propep/fp: 32
segment/propep/precision: 0.3469387755102041
segment/propep/recall: 0.011963406052076003
segment/propep/tp: 17
stopping_metric: 0.1991430449218583
tolerance: 3

