[Valid]
gold_known/matched: 23
gold_known/n: 23
gold_known/recall: 1.0
gold_novel/matched: 160
gold_novel/n: 2741
gold_novel/recall: 0.058372856621670924
n_gold_segments: 2764
n_pred_segments: 216
n_proteins: 1630
no_hit_proteins/n: 1421
no_hit_proteins/segment/all/f1: 0.0
no_hit_proteins/segment/all/fn: 2386
no_hit_proteins/segment/all/fp: 0
no_hit_proteins/segment/all/precision: 0.0
no_hit_proteins/segment/all/recall: 0.0
no_hit_proteins/segment/all/tp: 0
segment/all/f1: 0.1087248322147651
segment/all/fn: 2602
segment/all/fp: 54
segment/all/precision: 0.75
segment/all/recall: 0.05861070911722142
segment/all/tp: 162
segment/pep/f1: 0.18545994065281898
segment/pep/fn: 1078
segment/pep/fp: 20
segment/pep/precision: 0.8620689655172413
segment/pep/recall: 0.10390689941812137
segment/pep/tp: 125
segment/propep/f1: 0.04534313725490196
segment/propep/fn: 1524
segment/propep/fp: 34
segment/propep/precision: 0.5211267605633803
segment/propep/recall: 0.02370275464445868
segment/propep/tp: 37
stopping_metric: 0.11540153895386047
tolerance: 3

[Test]
gold_known/matched: 11
gold_known/n: 11
gold_known/recall: 1.0
gold_novel/matched: 82
gold_novel/n: 2615
gold_novel/recall: 0.03135755258126195
n_gold_segments: 2626
n_pred_segments: 140
n_proteins: 1538
no_hit_proteins/n: 1413
no_hit_proteins/segment/all/f1: 0.0
no_hit_proteins/segment/all/fn: 2398
no_hit_proteins/segment/all/fp: 0
no_hit_proteins/segment/all/precision: 0.0
no_hit_proteins/segment/all/recall: 0.0
no_hit_proteins/segment/all/tp: 0
segment/all/f1: 0.06073752711496746
segment/all/fn: 2542
segment/all/fp: 56
segment/all/precision: 0.6
segment/all/recall: 0.03198781416603199
segment/all/tp: 84
segment/pep/f1: 0.10339506172839505
segment/pep/fn: 1138
segment/pep/fp: 24
segment/pep/precision: 0.7362637362637363
segment/pep/recall: 0.05560165975103734
segment/pep/tp: 67
segment/propep/f1: 0.02312925170068027
segment/propep/fn: 1404
segment/propep/fp: 32
segment/propep/precision: 0.3469387755102041
segment/propep/recall: 0.011963406052076003
segment/propep/tp: 17
stopping_metric: 0.06326215671453767
tolerance: 3

