[Valid]
gold_known/matched: 425
gold_known/n: 443
gold_known/recall: 0.9593679458239278
gold_novel/matched: 301
gold_novel/n: 2321
gold_novel/recall: 0.12968548039638086
n_gold_segments: 2764
n_pred_segments: 732
n_proteins: 1630
no_hit_proteins/n: 1109
no_hit_proteins/segment/all/f1: 0.0
no_hit_proteins/segment/all/fn: 1718
no_hit_proteins/segment/all/fp: 0
no_hit_proteins/segment/all/precision: 0.0
no_hit_proteins/segment/all/recall: 0.0
no_hit_proteins/segment/all/tp: 0
segment/all/f1: 0.31521739130434784
segment/all/fn: 2213
segment/all/fp: 181
segment/all/precision: 0.7527322404371585
segment/all/recall: 0.19934876989869754
segment/all/tp: 551
segment/pep/f1: 0.5515021459227467
segment/pep/fn: 689
segment/pep/fp: 147
segment/pep/precision: 0.7776096822995462
segment/pep/recall: 0.42726517040731504
segment/pep/tp: 514
segment/propep/f1: 0.04534313725490196
segment/propep/fn: 1524
segment/propep/fp: 34
segment/propep/precision: 0.5211267605633803
segment/propep/recall: 0.02370275464445868
segment/propep/tp: 37
stopping_metric: 0.2984226415888243
tolerance: 3

[Test]
gold_known/matched: 180
gold_known/n: 193
gold_known/recall: 0.9326424870466321
gold_novel/matched: 222
gold_novel/n: 2433
gold_novel/recall: 0.09124537607891492
n_gold_segments: 2626
n_pred_segments: 438
n_proteins: 1538
no_hit_proteins/n: 1190
no_hit_proteins/segment/all/f1: 0.0
no_hit_proteins/segment/all/fn: 1942
no_hit_proteins/segment/all/fp: 0
no_hit_proteins/segment/all/precision: 0.0
no_hit_proteins/segment/all/recall: 0.0
no_hit_proteins/segment/all/tp: 0
segment/all/f1: 0.20234986945169714
segment/all/fn: 2316
segment/all/fp: 128
segment/all/precision: 0.7077625570776256
segment/all/recall: 0.11805026656511805
segment/all/tp: 310
segment/pep/f1: 0.3676286072772898
segment/pep/fn: 912
segment/pep/fp: 96
segment/pep/precision: 0.7532133676092545
segment/pep/recall: 0.24315352697095435
segment/pep/tp: 293
segment/propep/f1: 0.02312925170068027
segment/propep/fn: 1404
segment/propep/fp: 32
segment/propep/precision: 0.3469387755102041
segment/propep/recall: 0.011963406052076003
segment/propep/tp: 17
stopping_metric: 0.19537892948898503
tolerance: 3

