[Valid]
gold_known/matched: 23
gold_known/n: 23
gold_known/recall: 1.0
gold_novel/matched: 333
gold_novel/n: 2741
gold_novel/recall: 0.12148850784385261
n_gold_segments: 2764
n_pred_segments: 509
n_proteins: 1630
no_hit_proteins/n: 1235
no_hit_proteins/segment/all/f1: 0.0
no_hit_proteins/segment/all/fn: 2043
no_hit_proteins/segment/all/fp: 0
no_hit_proteins/segment/all/precision: 0.0
no_hit_proteins/segment/all/recall: 0.0
no_hit_proteins/segment/all/tp: 0
segment/all/f1: 0.20531622364802934
segment/all/fn: 2428
segment/all/fp: 173
segment/all/precision: 0.6601178781925344
segment/all/recall: 0.12156295224312591
segment/all/tp: 336
segment/pep/f1: 0.364411943936624
segment/pep/fn: 904
segment/pep/fp: 139
segment/pep/precision: 0.682648401826484
segment/pep/recall: 0.2485453034081463
segment/pep/tp: 299
segment/propep/f1: 0.04534313725490196
segment/propep/fn: 1524
segment/propep/fp: 34
segment/propep/precision: 0.5211267605633803
segment/propep/recall: 0.02370275464445868
segment/propep/tp: 37
stopping_metric: 0.204877540595763
tolerance: 3

[Test]
gold_known/matched: 11
gold_known/n: 11
gold_known/recall: 1.0
gold_novel/matched: 206
gold_novel/n: 2615
gold_novel/recall: 0.07877629063097515
n_gold_segments: 2626
n_pred_segments: 333
n_proteins: 1538
no_hit_proteins/n: 1282
no_hit_proteins/segment/all/f1: 0.0
no_hit_proteins/segment/all/fn: 2141
no_hit_proteins/segment/all/fp: 0
no_hit_proteins/segment/all/precision: 0.0
no_hit_proteins/segment/all/recall: 0.0
no_hit_proteins/segment/all/tp: 0
segment/all/f1: 0.14261574856370396
segment/all/fn: 2415
segment/all/fp: 122
segment/all/precision: 0.6336336336336337
segment/all/recall: 0.08035034272658036
segment/all/tp: 211
segment/pep/f1: 0.2605775688381464
segment/pep/fn: 1011
segment/pep/fp: 90
segment/pep/precision: 0.6830985915492958
segment/pep/recall: 0.16099585062240665
segment/pep/tp: 194
segment/propep/f1: 0.02312925170068027
segment/propep/fn: 1404
segment/propep/fp: 32
segment/propep/precision: 0.3469387755102041
segment/propep/recall: 0.011963406052076003
segment/propep/tp: 17
stopping_metric: 0.14185341026941334
tolerance: 3

