[Valid]
gold_known/matched: 23
gold_known/n: 23
gold_known/recall: 1.0
gold_novel/matched: 334
gold_novel/n: 2741
gold_novel/recall: 0.12185333819773805
n_gold_segments: 2764
n_pred_segments: 509
n_proteins: 1630
no_hit_proteins/n: 1234
no_hit_proteins/segment/all/f1: 0.0
no_hit_proteins/segment/all/fn: 2040
no_hit_proteins/segment/all/fp: 0
no_hit_proteins/segment/all/precision: 0.0
no_hit_proteins/segment/all/recall: 0.0
no_hit_proteins/segment/all/tp: 0
segment/all/f1: 0.205927283837458
segment/all/fn: 2427
segment/all/fp: 172
segment/all/precision: 0.6620825147347741
segment/all/recall: 0.1219247467438495
segment/all/tp: 337
segment/pep/f1: 0.36563071297989036
segment/pep/fn: 903
segment/pep/fp: 138
segment/pep/precision: 0.684931506849315
segment/pep/recall: 0.24937655860349128
segment/pep/tp: 300
segment/propep/f1: 0.04534313725490196
segment/propep/fn: 1524
segment/propep/fp: 34
segment/propep/precision: 0.5211267605633803
segment/propep/recall: 0.02370275464445868
segment/propep/tp: 37
stopping_metric: 0.20548692511739616
tolerance: 3

[Test]
gold_known/matched: 11
gold_known/n: 11
gold_known/recall: 1.0
gold_novel/matched: 201
gold_novel/n: 2615
gold_novel/recall: 0.07686424474187381
n_gold_segments: 2626
n_pred_segments: 332
n_proteins: 1538
no_hit_proteins/n: 1281
no_hit_proteins/segment/all/f1: 0.0
no_hit_proteins/segment/all/fn: 2140
no_hit_proteins/segment/all/fp: 0
no_hit_proteins/segment/all/precision: 0.0
no_hit_proteins/segment/all/recall: 0.0
no_hit_proteins/segment/all/tp: 0
segment/all/f1: 0.13928329952670726
segment/all/fn: 2420
segment/all/fp: 126
segment/all/precision: 0.6204819277108434
segment/all/recall: 0.07844630616907845
segment/all/tp: 206
segment/pep/f1: 0.2540322580645161
segment/pep/fn: 1016
segment/pep/fp: 94
segment/pep/precision: 0.6678445229681979
segment/pep/recall: 0.15684647302904564
segment/pep/tp: 189
segment/propep/f1: 0.02312925170068027
segment/propep/fn: 1404
segment/propep/fp: 32
segment/propep/precision: 0.3469387755102041
segment/propep/recall: 0.011963406052076003
segment/propep/tp: 17
stopping_metric: 0.1385807548825982
tolerance: 3

